3 0.01 0.5
15
1 0 0.685127 0
1 0 0.432506 0
1 0 0.285314 0
1 0 0.257543 0
1 0 0.180942 0
1 0 0.64607 0
1 0 0.230754 0
1 0 0.425683 0
1 0 0.761257 0
1 0 0.196344 0
1 0 0.803539 0
1 0 0.0476475 0
1 0 0.588984 0
1 0 0.242906 0
1 0 0.749345 0
6
15 -2.7943e-06 0.428259 -1.44613e-10 0.185481 -1.47318e-08 0.585614 -2.47412e-16 0.0133842 -2.03705e-08 0.195747 -4.69142e-11 -0.0152305 -1.50655e-11 -0.0233207 3.77474e-14 -0.0593877 -7.44979e-09 0.506684 -1.23353e-08 -0.0179188 -5.40576e-10 0.0162959 -1.34671e-39 0.615697 -5.57104e-44 0.142424 -2.14007e-08 0.317116 -6.3808e-09 0.335633 -2.19926e-08
15 -6.67296e-05 0.849291 -3.46204e-09 0.395996 -3.51937e-07 0.438481 -5.85742e-15 -0.331068 -4.87678e-07 0.592384 -1.12022e-09 -0.0578416 -3.56414e-10 0.73054 9.2253e-13 0.147099 -1.79092e-07 0.204723 -2.94687e-07 0.222268 -1.29415e-08 0.586738 -3.21325e-38 0.890219 -1.32926e-42 0.299459 -5.12359e-07 0.404225 -1.52624e-07 0.121958 -5.26512e-07
15 0.000477487 0.563641 2.48639e-08 -0.356579 2.52721e-06 0.573259 4.28578e-14 -0.181789 3.50244e-06 0.15276 8.01573e-09 1.0643 2.60767e-09 1.08981 -6.50138e-12 0.351297 1.29257e-06 0.631263 2.1161e-06 0.32808 9.29445e-08 0.124665 2.30273e-37 0.411992 9.52591e-42 0.073536 3.68009e-06 -0.146234 1.10013e-06 -0.335354 3.78134e-06
15 0.000178192 0.773011 9.21924e-09 0.299041 9.38958e-07 0.0772179 1.57281e-14 0.0905724 1.29864e-06 0.929877 2.99136e-09 0.752579 9.57262e-10 0.742802 -2.45709e-12 -0.0626107 4.75025e-07 0.430549 7.86214e-07 0.165375 3.44624e-08 0.714076 8.58321e-38 0.247047 3.5507e-42 -0.0456738 1.36432e-06 0.266146 4.0663e-07 0.160664 1.40206e-06
15 -0.00017061 -0.0219767 -8.84625e-09 0.62701 -8.99143e-07 0.461609 -1.48934e-14 0.349453 -1.24612e-06 0.590887 -2.86406e-09 0.0657564 -9.06192e-10 0.20134 2.37282e-12 0.179768 -4.57307e-07 0.0152346 -7.52879e-07 0.564382 -3.30684e-08 0.5096 -8.21195e-38 0.595786 -3.39713e-42 -0.0948981 -1.30916e-06 0.599057 -3.89659e-07 -0.286325 -1.34535e-06
15 4.44758e-05 0.760847 0 0.409765 0 0.942658 0 0.387921 0 0.996662 0 0.744371 0 0.170658 0 0.258406 0 0.924854 0 0.662389 0 0.892167 0 0.702488 0 0.982286 0 0.0241858 0 0.879982 0
2
6 0.00151054 -0.00385012 5.39695e-06 -0.0902621 3.83907e-06 0.63365 -1.35273e-06 0.240902 4.08523e-06 -0.230011 3.60265e-06 0.0748893 1.19707e-05
6 0 0.0666973 0 0.350023 0 0.00876034 0 0.628098 0 0.79856 0 0.924046 0
